health: 95
points: 33235
games count: 101
play time: 2143
golds: 2252
food: 105
weapons: 0 Mace1, Dagger10, MagicWand8, NormalArrow0, Sword0
spells: 1 Speed0, Power0, Healing1
ancientkey: 105
broken ancientkey: 100
level: 0
game: 1
40 15 3 0 0 0 0 0 1 0 0 0
0 0 0 5 44 202
32 0 32 0 32 0 32 0 32 0 32 0 32 0 32 0 32 0 32 0 32 0 32 0 32 0 32 0 32 0 32 0 32 0 32 0 32 0 32 0 32 0 32 0 32 0 32 0 32 0 32 0 32 0 32 0 32 0 32 0 32 0 32 0 32 0 32 0 32 0 32 0 32 0 32 0 32 0 32 0 32 0 32 0 32 0 32 0 32 0 32 0 32 0 32 0 32 0 32 0 32 0 32 0 32 0 32 0 32 0 32 0 32 0 32 0 32 0 32 0 32 0 32 0 32 0 32 0 32 0 32 0 32 0 32 0 32 0 32 0 32 0 32 0 32 0 32 0 32 0 32 0 32 0 32 0 32 0 32 0 32 0 32 0 32 0 32 0 32 0 32 0 32 0 32 0 32 0 32 0 32 0 32 0 32 0 32 0 32 0 32 0 32 0 32 0 32 0 32 0 32 0 32 0 32 0 32 0 32 0 32 0 32 0 32 0 32 0 32 0 32 0 32 0 32 0 32 0 32 0 32 0 32 0 32 0 32 0 32 0 32 0 32 0 32 0 32 0 32 0 32 0 32 0 32 0 32 0 32 0 32 0 32 0 32 0 32 0 32 0 32 0 32 0 32 0 32 0 32 0 32 0 32 0 32 0 32 0 32 0 32 0 32 0 32 0 32 0 32 0 32 0 32 0 32 0 32 0 32 0 32 0 32 0 32 0 32 0 32 0 32 0 32 0 32 0 32 0 32 0 32 0 32 0 32 0 32 0 32 0 32 0 32 0 32 0 32 0 32 0 32 0 32 0 32 0 32 0 32 0 32 0 32 0 32 0 32 0 32 0 32 0 32 0 32 0 32 0 32 0 32 0 32 0 32 0 32 0 32 0 32 0 32 0 32 0 32 0 32 0 32 0 32 0 32 0 
32 0 32 0 32 0 32 0 32 0 32 0 32 0 32 0 32 0 32 0 32 0 32 0 32 0 32 0 32 0 32 0 32 0 32 0 32 0 32 0 32 0 32 0 32 0 32 0 32 0 32 0 32 0 32 0 32 0 32 0 32 0 32 0 32 0 32 0 32 0 32 0 32 0 32 0 32 0 32 0 32 0 32 0 32 0 32 0 32 0 32 0 32 0 32 0 32 0 32 0 32 0 32 0 32 0 32 0 32 0 32 0 32 0 32 0 32 0 32 0 32 0 32 0 32 0 32 0 32 0 32 0 32 0 32 0 32 0 32 0 32 0 32 0 32 0 32 0 32 0 32 0 32 0 32 0 32 0 32 0 32 0 32 0 32 0 32 0 32 0 32 0 32 0 32 0 32 0 32 0 32 0 32 0 32 0 32 0 32 0 32 0 32 0 32 0 32 0 32 0 32 0 32 0 32 0 32 0 32 0 32 0 32 0 32 0 32 0 32 0 32 0 32 0 32 0 32 0 32 0 32 0 32 0 32 0 32 0 32 0 32 0 32 0 32 0 32 0 32 0 32 0 32 0 32 0 32 0 32 0 32 0 32 0 32 0 32 0 32 0 32 0 32 0 32 0 32 0 32 0 32 0 32 0 32 0 32 0 32 0 32 0 32 0 32 0 32 0 32 0 32 0 32 0 32 0 32 0 32 0 32 0 32 0 32 0 32 0 32 0 32 0 32 0 32 0 32 0 32 0 32 0 32 0 32 0 32 0 32 0 32 0 32 0 32 0 32 0 32 0 32 0 32 0 32 0 32 0 32 0 32 0 32 0 32 0 32 0 32 0 32 0 32 0 32 0 32 0 32 0 32 0 32 0 32 0 32 0 32 0 32 0 32 0 32 0 32 0 32 0 32 0 32 0 32 0 
32 0 32 0 32 0 32 0 32 0 32 0 32 0 32 0 32 0 32 0 32 0 32 0 32 0 32 0 32 0 32 0 32 0 32 0 32 0 32 0 32 0 32 0 32 0 32 0 32 0 32 0 32 0 32 0 32 0 32 0 32 0 32 0 32 0 32 0 32 0 32 0 32 0 32 0 32 0 32 0 32 0 32 0 32 0 32 0 32 0 32 0 32 0 32 0 32 0 32 0 32 0 32 0 32 0 32 0 32 0 32 0 32 0 32 0 32 0 32 0 32 0 32 0 32 0 32 0 32 0 32 0 32 0 32 0 32 0 32 0 32 0 32 0 32 0 32 0 32 0 32 0 32 0 32 0 32 0 32 0 32 0 32 0 32 0 32 0 32 0 32 0 32 0 32 0 32 0 32 0 32 0 32 0 32 0 32 0 32 0 32 0 32 0 32 0 32 0 32 0 32 0 32 0 32 0 32 0 32 0 32 0 32 0 32 0 32 0 32 0 32 0 32 0 32 0 32 0 32 0 32 0 32 0 32 0 32 0 32 0 32 0 32 0 32 0 32 0 32 0 32 0 32 0 32 0 32 0 32 0 32 0 32 0 32 0 32 0 32 0 32 0 32 0 32 0 32 0 32 0 32 0 32 0 32 0 32 0 32 0 32 0 32 0 32 0 32 0 32 0 32 0 32 0 32 0 32 0 32 0 32 0 32 0 32 0 32 0 32 0 32 0 32 0 32 0 32 0 32 0 32 0 32 0 32 0 32 0 32 0 32 0 32 0 32 0 32 0 32 0 32 0 32 0 32 0 32 0 32 0 32 0 32 0 32 0 32 0 32 0 32 0 32 0 32 0 32 0 32 0 32 0 32 0 32 0 32 0 32 0 32 0 32 0 32 0 32 0 32 0 32 0 32 0 32 0 
32 0 32 0 32 0 32 0 32 0 32 0 32 0 32 0 32 0 32 0 32 0 32 0 32 0 32 0 32 0 32 0 32 0 32 0 32 0 32 0 32 0 32 0 32 0 32 0 32 0 32 0 32 0 32 0 32 0 32 0 32 0 32 0 32 0 32 0 32 0 32 0 32 0 32 0 32 0 32 0 32 0 32 0 32 0 32 0 32 0 32 0 32 0 32 0 32 0 32 0 32 0 32 0 32 0 32 0 32 0 32 0 32 0 32 0 32 0 32 0 32 0 32 0 32 0 32 0 32 0 32 0 32 0 32 0 32 0 32 0 32 0 32 0 32 0 32 0 32 0 32 0 32 0 32 0 32 0 32 0 32 0 32 0 32 0 32 0 32 0 32 0 32 0 32 0 32 0 32 0 32 0 32 0 32 0 32 0 32 0 32 0 32 0 32 0 32 0 32 0 32 0 32 0 32 0 32 0 32 0 32 0 32 0 32 0 32 0 32 0 32 0 32 0 32 0 32 0 32 0 32 0 32 0 32 0 32 0 32 0 32 0 32 0 32 0 32 0 32 0 32 0 32 0 32 0 32 0 32 0 32 0 32 0 32 0 32 0 32 0 32 0 32 0 32 0 32 0 32 0 32 0 32 0 32 0 32 0 32 0 32 0 32 0 32 0 32 0 32 0 32 0 32 0 32 0 32 0 32 0 32 0 32 0 32 0 32 0 32 0 32 0 32 0 32 0 32 0 32 0 32 0 32 0 32 0 32 0 32 0 32 0 32 0 32 0 32 0 32 0 32 0 32 0 32 0 32 0 32 0 32 0 32 0 32 0 32 0 32 0 32 0 32 0 32 0 32 0 32 0 32 0 32 0 32 0 32 0 32 0 32 0 32 0 32 0 32 0 32 0 32 0 32 0 32 0 
32 0 32 0 32 0 32 0 32 0 32 0 32 0 32 0 32 0 32 0 32 0 32 0 32 0 32 0 32 0 32 0 32 0 32 0 32 0 32 0 32 0 32 0 32 0 32 0 32 0 32 0 32 0 32 0 32 0 32 0 32 0 32 0 32 0 32 0 32 0 32 0 32 0 32 0 32 0 32 0 32 0 32 0 32 0 32 0 32 0 32 0 32 0 32 0 32 0 32 0 32 0 32 0 32 0 32 0 32 0 32 0 32 0 32 0 32 0 32 0 32 0 32 0 32 0 32 0 32 0 32 0 32 0 32 0 32 0 32 0 32 0 32 0 32 0 32 0 32 0 32 0 32 0 32 0 32 0 32 0 32 0 32 0 32 0 32 0 32 0 32 0 32 0 32 0 32 0 32 0 32 0 32 0 32 0 32 0 32 0 32 0 32 0 32 0 32 0 32 0 32 0 32 0 32 0 32 0 32 0 32 0 32 0 32 0 32 0 32 0 32 0 32 0 32 0 32 0 32 0 32 0 32 0 32 0 32 0 32 0 32 0 32 0 32 0 32 0 32 0 32 0 32 0 32 0 32 0 32 0 32 0 32 0 32 0 32 0 32 0 32 0 32 0 32 0 32 0 32 0 32 0 32 0 32 0 32 0 32 0 32 0 32 0 32 0 32 0 32 0 32 0 32 0 32 0 32 0 32 0 32 0 32 0 32 0 32 0 32 0 32 0 32 0 32 0 32 0 32 0 32 0 32 0 32 0 32 0 32 0 32 0 32 0 32 0 32 0 32 0 32 0 32 0 32 0 32 0 32 0 32 0 32 0 32 0 32 0 32 0 32 0 32 0 32 0 32 0 32 0 32 0 32 0 32 0 32 0 32 0 32 0 32 0 32 0 32 0 32 0 32 0 32 0 32 0 
32 0 32 0 32 0 32 0 32 0 32 0 32 0 32 0 32 0 32 0 32 0 32 0 32 0 32 0 32 0 32 0 32 0 32 0 32 0 32 0 32 0 32 0 32 0 32 0 32 0 32 0 32 0 32 0 32 0 32 0 32 0 32 0 32 0 32 0 32 0 32 0 32 0 32 0 32 0 32 0 32 0 32 0 32 0 32 0 32 0 32 0 32 0 32 0 32 0 32 0 32 0 32 0 32 0 32 0 32 0 32 0 32 0 32 0 32 0 32 0 32 0 32 0 32 0 32 0 32 0 32 0 32 0 32 0 32 0 32 0 32 0 32 0 32 0 32 0 32 0 32 0 32 0 32 0 32 0 32 0 32 0 32 0 32 0 32 0 32 0 32 0 32 0 32 0 32 0 32 0 32 0 32 0 32 0 32 0 32 0 32 0 32 0 32 0 32 0 32 0 32 0 32 0 32 0 32 0 32 0 32 0 32 0 32 0 32 0 32 0 32 0 32 0 32 0 32 0 32 0 32 0 32 0 32 0 32 0 32 0 32 0 32 0 32 0 32 0 32 0 32 0 32 0 32 0 32 0 32 0 32 0 32 0 32 0 32 0 32 0 32 0 32 0 32 0 32 0 32 0 32 0 32 0 32 0 32 0 32 0 32 0 32 0 32 0 32 0 32 0 32 0 32 0 32 0 32 0 32 0 32 0 32 0 32 0 32 0 32 0 32 0 32 0 32 0 32 0 32 0 32 0 32 0 32 0 32 0 32 0 32 0 32 0 32 0 32 0 32 0 32 0 32 0 32 0 32 0 32 0 32 0 32 0 32 0 32 0 32 0 32 0 32 0 32 0 32 0 32 0 32 0 32 0 32 0 32 0 32 0 32 0 32 0 32 0 32 0 32 0 32 0 32 0 32 0 
32 0 32 0 32 0 32 0 32 0 32 0 32 0 32 0 32 0 32 0 32 0 32 0 32 0 32 0 32 0 32 0 32 0 32 0 32 0 32 0 32 0 32 0 32 0 32 0 32 0 32 0 32 0 32 0 32 0 32 0 32 0 32 0 32 0 32 0 32 0 32 0 32 0 32 0 32 0 32 0 32 0 32 0 32 0 32 0 32 0 32 0 32 0 32 0 32 0 32 0 32 0 32 0 32 0 32 0 32 0 32 0 32 0 32 0 32 0 32 0 32 0 32 0 32 0 32 0 32 0 32 0 32 0 32 0 32 0 32 0 32 0 32 0 32 0 32 0 32 0 32 0 32 0 32 0 32 0 32 0 32 0 32 0 32 0 32 0 32 0 32 0 32 0 32 0 32 0 32 0 32 0 32 0 32 0 32 0 32 0 32 0 32 0 32 0 32 0 32 0 32 0 32 0 32 0 32 0 32 0 32 0 32 0 32 0 32 0 32 0 32 0 32 0 32 0 32 0 32 0 32 0 32 0 32 0 32 0 32 0 32 0 32 0 32 0 32 0 32 0 32 0 32 0 32 0 32 0 32 0 32 0 32 0 32 0 32 0 32 0 32 0 32 0 32 0 32 0 32 0 32 0 32 0 32 0 32 0 32 0 32 0 32 0 32 0 32 0 32 0 32 0 32 0 32 0 32 0 32 0 32 0 32 0 32 0 32 0 32 0 32 0 32 0 32 0 32 0 32 0 32 0 32 0 32 0 32 0 32 0 32 0 32 0 32 0 32 0 32 0 32 0 32 0 32 0 32 0 32 0 32 0 32 0 32 0 32 0 32 0 32 0 32 0 32 0 32 0 32 0 32 0 32 0 32 0 32 0 32 0 32 0 32 0 32 0 32 0 32 0 32 0 32 0 32 0 
32 0 32 0 32 0 32 0 32 0 32 0 32 0 32 0 32 0 32 0 32 0 32 0 32 0 32 0 32 0 32 0 32 0 32 0 32 0 32 0 32 0 32 0 32 0 32 0 32 0 32 0 32 0 32 0 32 0 32 0 32 0 32 0 32 0 32 0 32 0 32 0 32 0 32 0 32 0 32 0 32 0 32 0 32 0 32 0 32 0 32 0 32 0 32 0 32 0 32 0 32 0 32 0 32 0 32 0 32 0 32 0 32 0 32 0 32 0 32 0 32 0 32 0 32 0 32 0 32 0 32 0 32 0 32 0 32 0 32 0 32 0 32 0 32 0 32 0 32 0 32 0 32 0 32 0 32 0 32 0 32 0 32 0 32 0 32 0 32 0 32 0 32 0 32 0 32 0 32 0 32 0 32 0 32 0 32 0 32 0 32 0 32 0 32 0 32 0 32 0 32 0 32 0 32 0 32 0 32 0 32 0 32 0 32 0 32 0 32 0 32 0 32 0 32 0 32 0 32 0 32 0 32 0 32 0 32 0 32 0 32 0 32 0 32 0 32 0 32 0 32 0 32 0 32 0 32 0 32 0 32 0 32 0 32 0 32 0 32 0 32 0 32 0 32 0 32 0 32 0 32 0 32 0 32 0 32 0 32 0 32 0 32 0 32 0 32 0 32 0 32 0 32 0 32 0 32 0 32 0 32 0 32 0 32 0 32 0 32 0 32 0 32 0 32 0 32 0 32 0 32 0 32 0 32 0 32 0 32 0 32 0 32 0 32 0 32 0 32 0 32 0 32 0 32 0 32 0 32 0 32 0 32 0 32 0 32 0 32 0 32 0 32 0 32 0 32 0 32 0 32 0 32 0 32 0 32 0 32 0 32 0 32 0 32 0 32 0 32 0 32 0 32 0 32 0 
32 0 32 0 32 0 32 0 32 0 32 0 32 0 32 0 32 0 32 0 32 0 32 0 95 0 95 0 95 0 95 0 95 0 95 0 95 0 95 0 95 0 95 0 32 0 32 0 32 0 32 0 32 0 32 0 32 0 32 0 32 0 32 0 32 0 32 0 32 0 32 0 32 0 32 0 32 0 32 0 32 0 32 0 32 0 32 0 32 0 32 0 32 0 32 0 32 0 32 0 32 0 32 0 32 0 32 0 32 0 32 0 32 0 32 0 32 0 32 0 32 0 32 0 32 0 32 0 32 0 32 0 32 0 32 0 32 0 32 0 32 0 32 0 32 0 32 0 32 0 32 0 32 0 32 0 32 0 32 0 32 0 32 0 32 0 32 0 32 0 32 0 32 0 32 0 32 0 32 0 32 0 32 0 32 0 32 0 32 0 32 0 32 0 32 0 32 0 32 0 32 0 32 0 32 0 32 0 32 0 32 0 32 0 32 0 32 0 32 0 32 0 32 0 32 0 32 0 32 0 32 0 32 0 32 0 32 0 32 0 32 0 32 0 32 0 32 0 32 0 32 0 32 0 32 0 32 0 32 0 32 0 32 0 32 0 32 0 32 0 32 0 32 0 32 0 32 0 32 0 32 0 32 0 32 0 32 0 32 0 32 0 32 0 32 0 32 0 32 0 32 0 32 0 32 0 32 0 32 0 32 0 32 0 32 0 32 0 32 0 32 0 32 0 32 0 32 0 32 0 32 0 32 0 32 0 32 0 32 0 32 0 32 0 32 0 32 0 32 0 32 0 32 0 32 0 32 0 32 0 32 0 32 0 32 0 32 0 32 0 32 0 32 0 32 0 32 0 32 0 32 0 32 0 32 0 32 0 32 0 32 0 32 0 32 0 32 0 32 0 32 0 32 0 32 0 
32 0 32 0 32 0 32 0 32 0 32 0 32 0 32 0 32 0 32 0 32 0 32 0 124 0 46 0 37 0 46 0 46 0 46 0 46 0 46 0 46 0 124 0 32 0 32 0 32 0 32 0 32 0 32 0 95 0 95 0 95 0 95 0 95 0 95 0 95 0 95 0 43 0 43 0 35 0 35 0 35 0 35 0 35 0 35 0 35 0 35 0 35 0 35 0 35 0 35 0 35 0 35 0 35 0 35 0 35 0 32 0 32 0 32 0 32 0 32 0 32 0 32 0 32 0 32 0 32 0 32 0 32 0 32 0 32 0 32 0 32 0 32 0 32 0 32 0 32 0 32 0 32 0 32 0 32 0 32 0 32 0 32 0 32 0 32 0 32 0 32 0 32 0 32 0 32 0 32 0 32 0 32 0 32 0 32 0 32 0 32 0 32 0 32 0 32 0 32 0 32 0 32 0 32 0 32 0 32 0 32 0 32 0 32 0 32 0 32 0 32 0 32 0 32 0 32 0 32 0 32 0 32 0 32 0 32 0 32 0 32 0 32 0 32 0 32 0 32 0 32 0 32 0 32 0 32 0 32 0 32 0 32 0 32 0 32 0 32 0 32 0 32 0 32 0 32 0 32 0 32 0 32 0 32 0 32 0 32 0 32 0 32 0 32 0 32 0 32 0 32 0 32 0 32 0 32 0 32 0 32 0 32 0 32 0 32 0 32 0 32 0 32 0 32 0 32 0 32 0 32 0 32 0 32 0 32 0 32 0 32 0 32 0 32 0 32 0 32 0 32 0 32 0 32 0 32 0 32 0 32 0 32 0 32 0 32 0 32 0 32 0 32 0 32 0 32 0 32 0 32 0 32 0 32 0 32 0 32 0 32 0 32 0 32 0 32 0 32 0 32 0 32 0 32 0 
32 0 32 0 32 0 32 0 32 0 32 0 32 0 32 0 32 0 32 0 32 0 32 0 124 0 46 0 46 0 46 0 46 0 46 0 46 0 46 0 46 0 124 0 32 0 32 0 32 0 32 0 32 0 32 0 124 0 46 0 46 0 46 0 46 0 46 0 46 0 46 0 94 0 124 0 32 0 32 0 32 0 32 0 32 0 32 0 35 0 32 0 32 0 32 0 32 0 32 0 32 0 32 0 32 0 32 0 35 0 35 0 35 0 35 0 35 0 35 0 35 0 32 0 32 0 32 0 32 0 32 0 32 0 32 0 32 0 32 0 32 0 32 0 32 0 32 0 32 0 32 0 32 0 32 0 32 0 32 0 32 0 32 0 32 0 32 0 32 0 32 0 32 0 32 0 32 0 32 0 32 0 32 0 32 0 32 0 32 0 32 0 32 0 32 0 32 0 32 0 32 0 32 0 32 0 32 0 32 0 32 0 32 0 32 0 32 0 32 0 32 0 32 0 32 0 32 0 32 0 32 0 32 0 32 0 32 0 32 0 32 0 32 0 32 0 32 0 32 0 32 0 32 0 32 0 32 0 32 0 32 0 32 0 32 0 32 0 32 0 32 0 32 0 32 0 32 0 32 0 32 0 32 0 32 0 32 0 32 0 32 0 32 0 32 0 32 0 32 0 32 0 32 0 32 0 32 0 32 0 32 0 32 0 32 0 32 0 32 0 32 0 32 0 32 0 32 0 32 0 32 0 32 0 32 0 32 0 32 0 32 0 32 0 32 0 32 0 32 0 32 0 32 0 32 0 32 0 32 0 32 0 32 0 32 0 32 0 32 0 32 0 32 0 32 0 32 0 32 0 32 0 32 0 32 0 32 0 32 0 32 0 32 0 32 0 32 0 32 0 32 0 32 0 32 0 
32 0 32 0 32 0 32 0 32 0 32 0 32 0 32 0 32 0 32 0 32 0 32 0 124 0 46 0 46 0 46 0 79 0 46 0 46 0 46 0 46 0 124 0 32 0 32 0 32 0 32 0 32 0 32 0 124 0 46 0 68 0 46 0 46 0 46 0 50 0 46 0 46 0 124 0 32 0 32 0 32 0 32 0 32 0 32 0 35 0 32 0 32 0 32 0 32 0 32 0 32 0 32 0 32 0 32 0 43 0 43 0 95 0 95 0 95 0 95 0 95 0 95 0 95 0 95 0 95 0 95 0 95 0 95 0 95 0 95 0 32 0 32 0 32 0 32 0 32 0 32 0 32 0 32 0 32 0 32 0 32 0 32 0 32 0 32 0 32 0 32 0 32 0 32 0 32 0 32 0 32 0 32 0 32 0 32 0 32 0 32 0 32 0 32 0 32 0 32 0 32 0 32 0 32 0 32 0 32 0 32 0 32 0 32 0 32 0 32 0 32 0 32 0 32 0 32 0 32 0 32 0 32 0 32 0 32 0 32 0 32 0 32 0 32 0 32 0 32 0 32 0 32 0 32 0 32 0 32 0 32 0 32 0 32 0 32 0 32 0 32 0 32 0 32 0 32 0 32 0 32 0 32 0 32 0 32 0 32 0 32 0 32 0 32 0 32 0 32 0 32 0 32 0 32 0 32 0 32 0 32 0 32 0 32 0 32 0 32 0 32 0 32 0 32 0 32 0 32 0 32 0 32 0 32 0 32 0 32 0 32 0 32 0 32 0 32 0 32 0 32 0 32 0 32 0 32 0 32 0 32 0 32 0 32 0 32 0 32 0 32 0 32 0 32 0 32 0 32 0 32 0 32 0 32 0 32 0 32 0 32 0 32 0 32 0 32 0 32 0 32 0 32 0 32 0 
32 0 32 0 32 0 32 0 32 0 32 0 32 0 32 0 32 0 32 0 32 0 32 0 124 0 46 0 46 0 36 0 46 0 46 0 46 0 46 0 46 0 124 0 32 0 32 0 32 0 32 0 32 0 32 0 124 0 46 0 46 0 46 0 46 0 80 0 80 0 33 0 33 0 124 0 32 0 32 0 32 0 32 0 32 0 32 0 35 0 35 0 35 0 35 0 35 0 35 0 32 0 32 0 32 0 32 0 124 0 46 0 46 0 46 0 46 0 46 0 46 0 46 0 46 0 46 0 55 0 55 0 38 0 46 0 46 0 124 0 32 0 32 0 32 0 32 0 32 0 32 0 32 0 32 0 32 0 32 0 32 0 32 0 32 0 32 0 32 0 32 0 32 0 32 0 32 0 32 0 32 0 32 0 32 0 32 0 32 0 32 0 32 0 32 0 32 0 32 0 32 0 32 0 32 0 32 0 32 0 32 0 32 0 32 0 32 0 32 0 32 0 32 0 32 0 32 0 32 0 32 0 32 0 32 0 32 0 32 0 32 0 32 0 32 0 32 0 32 0 32 0 32 0 32 0 32 0 32 0 32 0 32 0 32 0 32 0 32 0 32 0 32 0 32 0 32 0 32 0 32 0 32 0 32 0 32 0 32 0 32 0 32 0 32 0 32 0 32 0 32 0 32 0 32 0 32 0 32 0 32 0 32 0 32 0 32 0 32 0 32 0 32 0 32 0 32 0 32 0 32 0 32 0 32 0 32 0 32 0 32 0 32 0 32 0 32 0 32 0 32 0 32 0 32 0 32 0 32 0 32 0 32 0 32 0 32 0 32 0 32 0 32 0 32 0 32 0 32 0 32 0 32 0 32 0 32 0 32 0 32 0 32 0 32 0 32 0 32 0 32 0 32 0 32 0 
32 0 32 0 32 0 32 0 32 0 32 0 32 0 32 0 32 0 32 0 32 0 32 0 124 0 46 0 46 0 46 0 46 0 46 0 46 0 46 0 46 0 124 0 32 0 32 0 32 0 32 0 32 0 32 0 43 1 46 0 46 0 46 0 46 0 46 0 46 0 46 0 46 0 61 0 32 0 32 0 32 0 32 0 32 0 32 0 32 0 32 0 32 0 32 0 32 0 35 0 32 0 32 0 32 0 32 0 124 0 54 0 54 0 46 0 46 0 46 0 46 0 46 0 46 0 36 0 46 0 46 0 46 0 36 0 46 0 76 0 35 0 35 0 35 0 35 0 35 0 35 0 35 0 35 0 35 0 35 0 35 0 35 0 35 0 35 0 35 0 35 0 35 0 35 0 35 0 35 0 35 0 35 0 35 0 35 0 35 0 35 0 35 0 35 0 35 0 35 0 35 0 35 0 35 0 35 0 35 0 35 0 35 0 35 0 35 0 35 0 35 0 35 0 35 0 35 0 35 0 35 0 35 0 35 0 35 0 35 0 35 0 35 0 35 0 35 0 35 0 35 0 35 0 35 0 35 0 35 0 32 0 32 0 32 0 32 0 32 0 32 0 32 0 32 0 32 0 32 0 32 0 32 0 32 0 32 0 32 0 32 0 32 0 32 0 32 0 32 0 32 0 32 0 32 0 32 0 32 0 32 0 32 0 32 0 32 0 32 0 32 0 32 0 32 0 32 0 32 0 32 0 32 0 32 0 32 0 32 0 32 0 32 0 32 0 32 0 32 0 32 0 32 0 32 0 32 0 32 0 32 0 32 0 32 0 32 0 32 0 32 0 32 0 32 0 32 0 32 0 32 0 32 0 32 0 32 0 32 0 32 0 32 0 32 0 32 0 32 0 32 0 32 0 32 0 
32 0 32 0 32 0 32 0 32 0 32 0 32 0 32 0 32 0 32 0 32 0 32 0 124 0 46 0 46 0 46 0 46 0 46 0 94 0 46 0 46 0 43 1 35 1 35 1 35 1 35 1 35 1 35 1 43 1 46 0 46 0 46 0 46 0 46 0 46 0 46 0 46 0 124 0 32 0 32 0 32 0 32 0 32 0 32 0 32 0 32 0 32 0 32 0 32 0 35 0 32 0 32 0 32 0 32 0 124 0 46 0 46 0 46 0 46 0 46 0 50 0 46 0 79 0 46 0 37 0 50 0 46 0 46 0 46 0 124 0 32 0 32 0 32 0 32 0 32 0 32 0 35 0 35 0 32 0 32 0 32 0 32 0 32 0 32 0 32 0 32 0 32 0 32 0 32 0 32 0 32 0 32 0 32 0 32 0 32 0 32 0 32 0 32 0 32 0 32 0 32 0 32 0 32 0 32 0 32 0 32 0 32 0 32 0 32 0 32 0 32 0 32 0 32 0 32 0 32 0 32 0 32 0 32 0 32 0 32 0 32 0 32 0 32 0 32 0 32 0 32 0 32 0 32 0 32 0 35 0 32 0 32 0 32 0 32 0 32 0 32 0 32 0 32 0 32 0 32 0 32 0 32 0 32 0 32 0 32 0 32 0 32 0 32 0 32 0 32 0 32 0 32 0 32 0 32 0 32 0 32 0 32 0 32 0 32 0 32 0 32 0 32 0 32 0 32 0 32 0 32 0 32 0 32 0 32 0 32 0 32 0 32 0 32 0 32 0 32 0 32 0 32 0 32 0 32 0 32 0 32 0 32 0 32 0 32 0 32 0 32 0 32 0 32 0 32 0 32 0 32 0 32 0 32 0 32 0 32 0 32 0 32 0 32 0 32 0 32 0 32 0 32 0 32 0 
32 0 32 0 32 0 32 0 32 0 32 0 32 0 32 0 32 0 32 0 32 0 32 0 124 0 46 0 46 0 46 0 46 0 46 0 46 0 46 0 46 0 124 0 32 0 32 0 32 0 32 0 32 0 32 0 124 0 46 0 46 0 37 0 46 0 46 0 46 0 46 0 46 0 43 1 35 1 35 1 35 1 32 0 32 0 32 0 32 0 32 0 32 0 32 0 32 0 35 0 32 0 32 0 32 0 32 0 124 0 46 0 46 0 46 0 46 0 46 0 69 0 69 0 46 0 46 0 46 0 46 0 46 0 46 0 46 0 124 0 32 0 32 0 32 0 32 0 32 0 32 0 43 0 43 0 95 0 95 0 95 0 95 0 95 0 95 0 95 0 95 0 43 0 43 0 35 0 35 0 32 0 32 0 32 0 32 0 32 0 32 0 32 0 32 0 32 0 32 0 32 0 32 0 32 0 32 0 32 0 32 0 32 0 32 0 32 0 32 0 32 0 32 0 32 0 32 0 32 0 32 0 32 0 32 0 32 0 32 0 32 0 32 0 32 0 32 0 32 0 32 0 32 0 32 0 32 0 35 0 32 0 32 0 32 0 32 0 32 0 32 0 32 0 32 0 32 0 32 0 32 0 32 0 32 0 32 0 32 0 32 0 32 0 32 0 32 0 32 0 32 0 32 0 32 0 32 0 32 0 32 0 32 0 32 0 32 0 32 0 32 0 32 0 32 0 32 0 32 0 32 0 32 0 32 0 32 0 32 0 32 0 32 0 32 0 32 0 32 0 32 0 32 0 32 0 32 0 32 0 32 0 32 0 32 0 32 0 32 0 32 0 32 0 32 0 32 0 32 0 32 0 32 0 32 0 32 0 32 0 32 0 32 0 32 0 32 0 32 0 32 0 32 0 32 0 
32 0 32 0 32 0 32 0 32 0 32 0 32 0 32 0 32 0 32 0 32 0 32 0 124 0 46 0 79 0 46 0 46 0 46 0 46 0 46 0 46 0 124 0 32 0 32 0 32 0 32 0 32 0 32 0 124 0 46 0 46 0 46 0 46 0 79 0 36 0 46 0 46 0 124 0 32 0 32 0 35 1 32 0 32 0 32 0 32 0 32 0 32 0 32 0 32 0 35 0 35 0 35 0 35 0 35 0 43 0 46 0 46 0 46 0 46 0 46 0 46 0 94 0 46 0 46 0 46 0 46 0 36 0 52 0 46 0 124 0 32 0 32 0 32 0 32 0 32 0 32 0 124 0 46 0 46 0 46 0 46 0 46 0 46 0 46 0 46 0 46 0 46 0 43 0 35 0 35 0 32 0 32 0 32 0 32 0 95 0 95 0 95 0 95 0 95 0 95 0 95 0 95 0 95 0 95 0 95 0 95 0 95 0 95 0 95 0 32 0 32 0 32 0 32 0 32 0 32 0 32 0 32 0 32 0 32 0 32 0 32 0 32 0 32 0 32 0 32 0 32 0 32 0 32 0 32 0 35 0 32 0 32 0 32 0 32 0 32 0 32 0 32 0 32 0 32 0 32 0 32 0 32 0 32 0 32 0 32 0 32 0 32 0 32 0 32 0 32 0 32 0 32 0 32 0 32 0 32 0 32 0 32 0 32 0 32 0 32 0 32 0 32 0 32 0 32 0 32 0 32 0 32 0 32 0 32 0 32 0 32 0 32 0 32 0 32 0 32 0 32 0 32 0 32 0 32 0 32 0 32 0 32 0 32 0 32 0 32 0 32 0 32 0 32 0 32 0 32 0 32 0 32 0 32 0 32 0 32 0 32 0 32 0 32 0 32 0 32 0 32 0 32 0 32 0 
32 0 32 0 32 0 32 0 32 0 32 0 32 0 32 0 32 0 32 0 32 0 32 0 124 0 46 0 46 0 46 0 46 0 46 0 46 0 46 0 46 0 124 0 32 0 32 0 32 0 32 0 32 0 32 0 124 0 57 0 57 0 46 0 46 0 46 0 69 0 69 0 46 0 124 0 32 0 32 0 35 1 32 0 32 0 32 0 32 0 32 0 32 0 32 0 32 0 32 0 32 0 32 0 32 0 32 0 124 0 46 0 46 0 46 0 46 0 57 0 57 0 46 0 46 0 46 0 46 0 46 0 46 0 46 0 37 0 124 0 32 0 32 0 32 0 32 0 32 0 32 0 61 0 46 0 46 0 79 0 65 0 46 0 52 0 46 0 46 0 46 0 46 0 124 0 32 0 35 0 32 0 32 0 32 0 32 0 124 0 46 0 46 0 46 0 46 0 46 0 46 0 46 0 46 0 46 0 46 0 46 0 46 0 46 0 61 0 32 0 32 0 32 0 32 0 32 0 32 0 32 0 32 0 32 0 32 0 95 0 95 0 95 0 95 0 95 0 95 0 95 0 95 0 95 0 95 0 76 0 95 0 95 0 95 0 32 0 32 0 32 0 95 0 95 0 95 0 95 0 95 0 95 0 95 0 95 0 95 0 95 0 95 0 32 0 32 0 32 0 32 0 32 0 32 0 32 0 32 0 32 0 32 0 32 0 32 0 32 0 32 0 32 0 32 0 32 0 32 0 32 0 32 0 32 0 32 0 32 0 32 0 32 0 32 0 32 0 32 0 32 0 32 0 32 0 32 0 32 0 32 0 32 0 32 0 32 0 32 0 32 0 32 0 32 0 32 0 32 0 32 0 32 0 32 0 32 0 32 0 32 0 32 0 32 0 32 0 32 0 32 0 32 0 32 0 
32 0 32 0 32 0 32 0 32 0 32 0 32 0 32 0 32 0 32 0 32 0 32 0 124 0 46 0 46 0 46 0 46 0 46 0 46 0 46 0 46 0 124 0 32 0 32 0 32 0 32 0 32 0 32 0 124 0 46 0 33 0 33 0 46 0 46 0 46 0 46 0 46 0 124 0 32 0 32 0 35 1 35 1 35 1 32 0 32 0 32 0 32 0 32 0 32 0 32 0 32 0 32 0 32 0 32 0 124 0 46 0 46 0 46 0 46 0 46 0 53 0 46 0 46 0 46 0 46 0 46 0 79 0 46 0 46 0 43 0 35 0 35 0 35 0 35 0 35 0 35 0 43 0 46 0 79 0 69 0 69 0 46 0 46 0 46 0 46 0 46 0 46 0 124 0 32 0 35 0 32 0 32 0 32 0 32 0 124 0 46 0 46 0 46 0 46 0 46 0 46 0 46 0 46 0 46 0 33 0 33 0 46 0 46 0 124 0 32 0 32 0 32 0 32 0 32 0 32 0 32 0 32 0 32 0 32 0 124 0 46 0 37 0 46 0 46 0 46 0 94 0 46 0 46 0 46 0 55 0 55 0 46 0 124 0 32 0 32 0 35 0 43 0 46 0 57 0 57 0 46 0 46 0 46 0 46 0 46 0 46 0 124 0 32 0 32 0 32 0 32 0 32 0 32 0 32 0 32 0 32 0 32 0 32 0 32 0 32 0 32 0 32 0 32 0 32 0 32 0 32 0 32 0 32 0 32 0 32 0 32 0 32 0 32 0 32 0 32 0 32 0 32 0 32 0 32 0 32 0 32 0 32 0 32 0 32 0 32 0 32 0 32 0 32 0 32 0 32 0 32 0 32 0 32 0 32 0 32 0 32 0 32 0 32 0 32 0 32 0 32 0 32 0 32 0 
32 0 32 0 32 0 32 0 32 0 32 0 32 0 32 0 32 0 32 0 32 0 32 0 45 0 45 0 45 0 45 0 45 0 45 0 43 0 43 0 45 0 45 0 32 0 32 0 32 0 32 0 32 0 32 0 124 0 46 0 46 0 46 0 46 0 37 0 46 0 46 0 46 0 124 0 32 0 32 0 32 0 32 0 35 0 32 0 32 0 32 0 32 0 32 0 32 0 32 0 32 0 32 0 32 0 32 0 124 0 46 0 46 0 46 0 46 0 46 0 46 0 46 0 46 0 46 0 46 0 46 0 46 0 46 0 46 0 43 0 32 0 32 0 32 0 32 0 32 0 32 0 124 0 55 0 55 0 72 0 72 0 46 0 46 0 36 0 46 0 46 0 46 0 124 0 32 0 35 0 32 0 32 0 32 0 32 0 124 0 46 0 46 0 46 0 46 0 46 0 46 0 79 0 46 0 53 0 46 0 46 0 46 0 46 0 124 0 32 0 32 0 32 0 32 0 32 0 32 0 32 0 32 0 32 0 32 0 124 0 46 0 56 0 56 0 42 0 42 0 46 0 46 0 36 0 46 0 46 0 46 0 46 0 43 0 35 0 35 0 35 0 43 0 46 0 46 0 46 0 46 0 46 0 46 0 53 0 46 0 46 0 124 0 32 0 32 0 32 0 32 0 32 0 32 0 32 0 32 0 32 0 32 0 32 0 32 0 32 0 32 0 32 0 32 0 32 0 32 0 32 0 32 0 32 0 32 0 32 0 32 0 32 0 32 0 32 0 32 0 32 0 32 0 32 0 32 0 32 0 32 0 32 0 32 0 32 0 32 0 32 0 32 0 32 0 32 0 32 0 32 0 32 0 32 0 32 0 32 0 32 0 32 0 32 0 32 0 32 0 32 0 32 0 32 0 
32 0 32 0 32 0 32 0 32 0 32 0 32 0 32 0 32 0 32 0 32 0 32 0 32 0 32 0 32 0 32 0 32 0 32 0 35 0 35 0 35 0 35 0 35 0 32 0 32 0 32 0 32 0 32 0 124 0 46 0 46 0 46 0 46 0 46 0 46 0 46 0 46 0 124 0 35 0 32 0 32 0 32 0 35 0 32 0 32 0 32 0 32 0 32 0 32 0 32 0 32 0 32 0 32 0 32 0 61 0 46 0 46 0 46 0 46 0 46 0 46 0 46 0 46 0 46 0 46 0 46 0 46 0 46 0 46 0 124 0 32 0 32 0 32 0 32 0 32 0 32 0 124 0 46 0 46 0 46 0 46 0 46 0 46 0 51 0 51 0 46 0 46 0 43 0 35 0 35 0 35 0 35 0 35 0 35 0 43 0 46 0 37 0 46 0 46 0 56 0 56 0 51 0 51 0 46 0 46 0 50 0 46 0 46 0 124 0 32 0 32 0 32 0 32 0 32 0 32 0 32 0 32 0 32 0 32 0 124 0 46 0 46 0 46 0 46 0 46 0 46 0 46 0 46 0 46 0 54 0 54 0 46 0 124 0 32 0 32 0 35 0 124 0 46 0 46 0 46 0 46 0 46 0 46 0 85 0 46 0 46 0 124 0 32 0 32 0 32 0 32 0 32 0 32 0 32 0 32 0 32 0 32 0 32 0 32 0 32 0 32 0 32 0 32 0 32 0 32 0 32 0 32 0 32 0 32 0 32 0 32 0 32 0 32 0 32 0 32 0 32 0 32 0 32 0 32 0 32 0 32 0 32 0 32 0 32 0 32 0 32 0 32 0 32 0 32 0 32 0 32 0 32 0 32 0 32 0 32 0 32 0 32 0 32 0 32 0 32 0 32 0 32 0 32 0 
32 0 32 0 32 0 32 0 32 0 32 0 32 0 32 0 32 0 32 0 32 0 32 0 32 0 32 0 32 0 32 0 32 0 32 0 32 0 32 0 32 0 32 0 35 0 32 0 32 0 32 0 32 0 32 0 124 0 46 0 46 0 46 0 46 0 46 0 46 0 46 0 46 0 124 0 35 0 35 0 35 0 35 0 35 0 35 0 32 0 32 0 32 0 32 0 32 0 32 0 32 0 32 0 32 0 32 0 124 0 46 0 46 0 50 0 46 0 46 0 46 0 46 0 46 0 79 0 46 0 46 0 46 0 46 0 46 0 124 0 32 0 32 0 32 0 32 0 32 0 32 0 124 0 46 0 70 0 46 0 46 0 46 0 46 0 46 0 46 0 33 0 33 0 124 0 32 0 32 0 32 0 35 0 35 0 35 0 43 0 46 0 46 0 33 0 33 0 46 0 46 0 36 0 46 0 46 0 46 0 46 0 46 0 46 0 124 0 32 0 32 0 32 0 32 0 32 0 32 0 32 0 32 0 32 0 32 0 124 0 46 0 46 0 46 0 46 0 46 0 46 0 46 0 62 0 46 0 46 0 46 0 46 0 43 0 35 0 35 0 35 0 124 0 46 0 46 0 79 0 46 0 46 0 46 0 94 0 46 0 46 0 124 0 32 0 32 0 32 0 32 0 32 0 32 0 32 0 32 0 32 0 32 0 32 0 32 0 32 0 32 0 32 0 32 0 32 0 32 0 32 0 32 0 32 0 32 0 32 0 32 0 32 0 32 0 32 0 32 0 32 0 32 0 32 0 32 0 32 0 32 0 32 0 32 0 32 0 32 0 32 0 32 0 32 0 32 0 32 0 32 0 32 0 32 0 32 0 32 0 32 0 32 0 32 0 32 0 32 0 32 0 32 0 32 0 
32 0 32 0 32 0 32 0 32 0 32 0 32 0 32 0 32 0 32 0 32 0 32 0 32 0 32 0 32 0 32 0 32 0 32 0 32 0 32 0 32 0 32 0 35 0 32 0 32 0 32 0 32 0 32 0 43 0 43 0 45 0 45 0 45 0 45 0 45 0 45 0 45 0 45 0 32 0 32 0 32 0 32 0 35 0 35 0 32 0 32 0 32 0 32 0 32 0 32 0 32 0 32 0 32 0 32 0 124 0 46 0 56 0 56 0 46 0 46 0 94 0 37 0 46 0 46 0 46 0 46 0 46 0 46 0 46 0 124 0 32 0 32 0 32 0 32 0 32 0 32 0 124 0 46 0 46 0 94 0 46 0 46 0 46 0 46 0 46 0 46 0 46 0 124 0 35 0 35 0 35 0 35 0 32 0 32 0 124 0 46 0 46 0 46 0 46 0 46 0 46 0 46 0 72 0 72 0 46 0 46 0 46 0 94 0 124 0 32 0 32 0 32 0 32 0 32 0 35 0 35 0 35 0 35 0 35 0 43 0 46 0 72 0 72 0 46 0 36 0 46 0 69 0 69 0 46 0 46 0 46 0 46 0 43 0 35 0 35 0 35 0 124 0 46 0 46 0 46 0 46 0 46 0 46 0 46 0 36 0 46 0 124 0 32 0 32 0 32 0 32 0 32 0 32 0 32 0 32 0 32 0 32 0 32 0 32 0 32 0 32 0 32 0 32 0 32 0 32 0 32 0 32 0 32 0 32 0 32 0 32 0 32 0 32 0 32 0 32 0 32 0 32 0 32 0 32 0 32 0 32 0 32 0 32 0 32 0 32 0 32 0 32 0 32 0 32 0 32 0 32 0 32 0 32 0 32 0 32 0 32 0 32 0 32 0 32 0 32 0 32 0 32 0 32 0 
32 0 32 0 32 0 32 0 32 0 32 0 32 0 32 0 32 0 32 0 32 0 32 0 32 0 32 0 32 0 32 0 32 0 32 0 32 0 32 0 32 0 32 0 35 0 35 0 35 0 35 0 35 0 35 0 35 0 35 0 35 0 35 0 35 0 35 0 35 0 35 0 35 0 35 0 35 0 35 0 35 0 35 0 35 0 35 0 35 0 35 0 35 0 35 0 35 0 35 0 35 0 35 0 35 0 35 0 43 0 43 0 45 0 45 0 43 0 43 0 45 0 45 0 45 0 45 0 45 0 45 0 45 0 45 0 45 0 45 0 32 0 32 0 32 0 32 0 32 0 32 0 124 0 46 0 46 0 37 0 46 0 46 0 46 0 56 0 56 0 46 0 46 0 124 0 32 0 32 0 32 0 32 0 32 0 32 0 124 0 46 0 46 0 46 0 46 0 46 0 46 0 79 0 46 0 56 0 56 0 80 0 80 0 46 0 124 0 32 0 32 0 32 0 32 0 32 0 35 0 32 0 32 0 32 0 32 0 124 0 46 0 46 0 46 0 33 0 33 0 46 0 46 0 46 0 33 0 33 0 46 0 46 0 124 0 32 0 32 0 32 0 124 0 46 0 46 0 37 0 69 0 69 0 46 0 46 0 46 0 46 0 124 0 32 0 32 0 32 0 32 0 32 0 32 0 32 0 32 0 32 0 32 0 32 0 32 0 32 0 32 0 32 0 32 0 32 0 32 0 32 0 32 0 32 0 32 0 32 0 32 0 32 0 32 0 32 0 32 0 32 0 32 0 32 0 32 0 32 0 32 0 32 0 32 0 32 0 32 0 32 0 32 0 32 0 32 0 32 0 32 0 32 0 32 0 32 0 32 0 32 0 32 0 32 0 32 0 32 0 32 0 32 0 32 0 
32 0 32 0 32 0 32 0 32 0 32 0 32 0 32 0 32 0 32 0 32 0 32 0 32 0 32 0 32 0 32 0 32 0 32 0 32 0 32 0 32 0 32 0 32 0 32 0 32 0 32 0 32 0 32 0 32 0 32 0 32 0 32 0 32 0 32 0 32 0 32 0 32 0 32 0 32 0 32 0 32 0 32 0 32 0 32 0 32 0 32 0 32 0 32 0 32 0 32 0 32 0 32 0 32 0 32 0 32 0 32 0 32 0 32 0 35 0 35 0 35 0 35 0 35 0 32 0 32 0 32 0 32 0 32 0 32 0 32 0 32 0 32 0 32 0 32 0 32 0 32 0 124 0 46 0 46 0 46 0 46 0 46 0 46 0 46 0 46 0 46 0 37 0 124 0 32 0 32 0 32 0 32 0 32 0 32 0 124 0 46 0 46 0 46 0 46 0 46 0 46 0 46 0 46 0 46 0 46 0 46 0 46 0 46 0 124 0 32 0 32 0 32 0 32 0 32 0 35 0 32 0 32 0 32 0 32 0 124 0 46 0 46 0 50 0 46 0 46 0 46 0 46 0 79 0 46 0 46 0 46 0 46 0 124 0 32 0 32 0 32 0 124 0 33 0 33 0 46 0 46 0 46 0 46 0 46 0 46 0 46 0 124 0 32 0 32 0 32 0 32 0 32 0 32 0 32 0 32 0 32 0 32 0 32 0 32 0 32 0 32 0 32 0 32 0 32 0 32 0 32 0 32 0 32 0 32 0 32 0 32 0 32 0 32 0 32 0 32 0 32 0 32 0 32 0 32 0 32 0 32 0 32 0 32 0 32 0 32 0 32 0 32 0 32 0 32 0 32 0 32 0 32 0 32 0 32 0 32 0 32 0 32 0 32 0 32 0 32 0 32 0 32 0 32 0 
32 0 32 0 32 0 32 0 32 0 32 0 32 0 32 0 32 0 32 0 32 0 32 0 32 0 32 0 32 0 32 0 32 0 32 0 32 0 32 0 32 0 32 0 32 0 32 0 32 0 32 0 32 0 32 0 32 0 32 0 32 0 32 0 32 0 32 0 32 0 32 0 32 0 32 0 32 0 32 0 32 0 32 0 32 0 32 0 32 0 32 0 32 0 32 0 32 0 32 0 32 0 32 0 32 0 32 0 32 0 32 0 32 0 32 0 32 0 32 0 32 0 32 0 35 0 35 0 35 0 35 0 35 0 35 0 35 0 35 0 35 0 35 0 35 0 35 0 35 0 35 0 43 0 43 0 45 0 45 0 45 0 45 0 45 0 45 0 45 0 45 0 45 0 45 0 32 0 32 0 32 0 32 0 32 0 32 0 45 0 45 0 45 0 45 0 45 0 45 0 45 0 45 0 45 0 45 0 45 0 45 0 45 0 43 0 43 0 35 0 35 0 35 0 35 0 35 0 35 0 32 0 32 0 32 0 32 0 124 0 46 0 46 0 46 0 80 0 80 0 46 0 46 0 54 0 54 0 46 0 46 0 46 0 124 0 32 0 32 0 32 0 45 0 45 0 45 0 45 0 45 0 45 0 45 0 45 0 45 0 45 0 45 0 32 0 32 0 32 0 32 0 32 0 32 0 32 0 32 0 32 0 32 0 32 0 32 0 32 0 32 0 32 0 32 0 32 0 32 0 32 0 32 0 32 0 32 0 32 0 32 0 32 0 32 0 32 0 32 0 32 0 32 0 32 0 32 0 32 0 32 0 32 0 32 0 32 0 32 0 32 0 32 0 32 0 32 0 32 0 32 0 32 0 32 0 32 0 32 0 32 0 32 0 32 0 32 0 32 0 32 0 32 0 32 0 
32 0 32 0 32 0 32 0 32 0 32 0 32 0 32 0 32 0 32 0 32 0 32 0 32 0 32 0 32 0 32 0 32 0 32 0 32 0 32 0 32 0 32 0 32 0 32 0 32 0 32 0 32 0 32 0 32 0 32 0 32 0 32 0 32 0 32 0 32 0 32 0 32 0 32 0 32 0 32 0 32 0 32 0 32 0 32 0 32 0 32 0 32 0 32 0 32 0 32 0 32 0 32 0 32 0 32 0 32 0 32 0 32 0 32 0 32 0 32 0 32 0 32 0 32 0 32 0 32 0 32 0 32 0 32 0 32 0 32 0 32 0 32 0 32 0 32 0 32 0 32 0 32 0 32 0 32 0 32 0 32 0 32 0 32 0 32 0 32 0 32 0 32 0 32 0 32 0 32 0 32 0 32 0 32 0 32 0 32 0 32 0 32 0 32 0 32 0 32 0 32 0 32 0 32 0 32 0 32 0 32 0 32 0 32 0 32 0 32 0 32 0 32 0 32 0 32 0 32 0 32 0 32 0 32 0 32 0 124 0 46 0 37 0 46 0 46 0 46 0 46 0 37 0 46 0 46 0 46 0 69 0 69 0 124 0 32 0 32 0 32 0 32 0 32 0 32 0 32 0 32 0 32 0 32 0 32 0 32 0 32 0 32 0 32 0 32 0 32 0 32 0 32 0 32 0 32 0 32 0 32 0 32 0 32 0 32 0 32 0 32 0 32 0 32 0 32 0 32 0 32 0 32 0 32 0 32 0 32 0 32 0 32 0 32 0 32 0 32 0 32 0 32 0 32 0 32 0 32 0 32 0 32 0 32 0 32 0 32 0 32 0 32 0 32 0 32 0 32 0 32 0 32 0 32 0 32 0 32 0 32 0 32 0 32 0 32 0 32 0 32 0 32 0 32 0 
32 0 32 0 32 0 32 0 32 0 32 0 32 0 32 0 32 0 32 0 32 0 32 0 32 0 32 0 32 0 32 0 32 0 32 0 32 0 32 0 32 0 32 0 32 0 32 0 32 0 32 0 32 0 32 0 32 0 32 0 32 0 32 0 32 0 32 0 32 0 32 0 32 0 32 0 32 0 32 0 32 0 32 0 32 0 32 0 32 0 32 0 32 0 32 0 32 0 32 0 32 0 32 0 32 0 32 0 32 0 32 0 32 0 32 0 32 0 32 0 32 0 32 0 32 0 32 0 32 0 32 0 32 0 32 0 32 0 32 0 32 0 32 0 32 0 32 0 32 0 32 0 32 0 32 0 32 0 32 0 32 0 32 0 32 0 32 0 32 0 32 0 32 0 32 0 32 0 32 0 32 0 32 0 32 0 32 0 32 0 32 0 32 0 32 0 32 0 32 0 32 0 32 0 32 0 32 0 32 0 32 0 32 0 32 0 32 0 32 0 32 0 32 0 32 0 32 0 32 0 32 0 32 0 32 0 32 0 124 0 46 0 46 0 38 0 46 0 46 0 94 0 46 0 46 0 56 0 56 0 46 0 46 0 124 0 32 0 32 0 32 0 32 0 32 0 32 0 32 0 32 0 32 0 32 0 32 0 32 0 32 0 32 0 32 0 32 0 32 0 32 0 32 0 32 0 32 0 32 0 32 0 32 0 32 0 32 0 32 0 32 0 32 0 32 0 32 0 32 0 32 0 32 0 32 0 32 0 32 0 32 0 32 0 32 0 32 0 32 0 32 0 32 0 32 0 32 0 32 0 32 0 32 0 32 0 32 0 32 0 32 0 32 0 32 0 32 0 32 0 32 0 32 0 32 0 32 0 32 0 32 0 32 0 32 0 32 0 32 0 32 0 32 0 32 0 
32 0 32 0 32 0 32 0 32 0 32 0 32 0 32 0 32 0 32 0 32 0 32 0 32 0 32 0 32 0 32 0 32 0 32 0 32 0 32 0 32 0 32 0 32 0 32 0 32 0 32 0 32 0 32 0 32 0 32 0 32 0 32 0 32 0 32 0 32 0 32 0 32 0 32 0 32 0 32 0 32 0 32 0 32 0 32 0 32 0 32 0 32 0 32 0 32 0 32 0 32 0 32 0 32 0 32 0 32 0 32 0 32 0 32 0 32 0 32 0 32 0 32 0 32 0 32 0 32 0 32 0 32 0 32 0 32 0 32 0 32 0 32 0 32 0 32 0 32 0 32 0 32 0 32 0 32 0 32 0 32 0 32 0 32 0 32 0 32 0 32 0 32 0 32 0 32 0 32 0 32 0 32 0 32 0 32 0 32 0 32 0 32 0 32 0 32 0 32 0 32 0 32 0 32 0 32 0 32 0 32 0 32 0 32 0 32 0 32 0 32 0 32 0 32 0 32 0 32 0 32 0 32 0 32 0 32 0 45 0 45 0 45 0 45 0 45 0 45 0 45 0 45 0 45 0 45 0 45 0 45 0 45 0 45 0 32 0 32 0 32 0 32 0 32 0 32 0 32 0 32 0 32 0 32 0 32 0 32 0 32 0 32 0 32 0 32 0 32 0 32 0 32 0 32 0 32 0 32 0 32 0 32 0 32 0 32 0 32 0 32 0 32 0 32 0 32 0 32 0 32 0 32 0 32 0 32 0 32 0 32 0 32 0 32 0 32 0 32 0 32 0 32 0 32 0 32 0 32 0 32 0 32 0 32 0 32 0 32 0 32 0 32 0 32 0 32 0 32 0 32 0 32 0 32 0 32 0 32 0 32 0 32 0 32 0 32 0 32 0 32 0 32 0 32 0 
32 0 32 0 32 0 32 0 32 0 32 0 32 0 32 0 32 0 32 0 32 0 32 0 32 0 32 0 32 0 32 0 32 0 32 0 32 0 32 0 32 0 32 0 32 0 32 0 32 0 32 0 32 0 32 0 32 0 32 0 32 0 32 0 32 0 32 0 32 0 32 0 32 0 32 0 32 0 32 0 32 0 32 0 32 0 32 0 32 0 32 0 32 0 32 0 32 0 32 0 32 0 32 0 32 0 32 0 32 0 32 0 32 0 32 0 32 0 32 0 32 0 32 0 32 0 32 0 32 0 32 0 32 0 32 0 32 0 32 0 32 0 32 0 32 0 32 0 32 0 32 0 32 0 32 0 32 0 32 0 32 0 32 0 32 0 32 0 32 0 32 0 32 0 32 0 32 0 32 0 32 0 32 0 32 0 32 0 32 0 32 0 32 0 32 0 32 0 32 0 32 0 32 0 32 0 32 0 32 0 32 0 32 0 32 0 32 0 32 0 32 0 32 0 32 0 32 0 32 0 32 0 32 0 32 0 32 0 32 0 32 0 32 0 32 0 32 0 32 0 32 0 32 0 32 0 32 0 32 0 32 0 32 0 32 0 32 0 32 0 32 0 32 0 32 0 32 0 32 0 32 0 32 0 32 0 32 0 32 0 32 0 32 0 32 0 32 0 32 0 32 0 32 0 32 0 32 0 32 0 32 0 32 0 32 0 32 0 32 0 32 0 32 0 32 0 32 0 32 0 32 0 32 0 32 0 32 0 32 0 32 0 32 0 32 0 32 0 32 0 32 0 32 0 32 0 32 0 32 0 32 0 32 0 32 0 32 0 32 0 32 0 32 0 32 0 32 0 32 0 32 0 32 0 32 0 32 0 32 0 32 0 32 0 32 0 32 0 32 0 32 0 32 0 32 0 
32 0 32 0 32 0 32 0 32 0 32 0 32 0 32 0 32 0 32 0 32 0 32 0 32 0 32 0 32 0 32 0 32 0 32 0 32 0 32 0 32 0 32 0 32 0 32 0 32 0 32 0 32 0 32 0 32 0 32 0 32 0 32 0 32 0 32 0 32 0 32 0 32 0 32 0 32 0 32 0 32 0 32 0 32 0 32 0 32 0 32 0 32 0 32 0 32 0 32 0 32 0 32 0 32 0 32 0 32 0 32 0 32 0 32 0 32 0 32 0 32 0 32 0 32 0 32 0 32 0 32 0 32 0 32 0 32 0 32 0 32 0 32 0 32 0 32 0 32 0 32 0 32 0 32 0 32 0 32 0 32 0 32 0 32 0 32 0 32 0 32 0 32 0 32 0 32 0 32 0 32 0 32 0 32 0 32 0 32 0 32 0 32 0 32 0 32 0 32 0 32 0 32 0 32 0 32 0 32 0 32 0 32 0 32 0 32 0 32 0 32 0 32 0 32 0 32 0 32 0 32 0 32 0 32 0 32 0 32 0 32 0 32 0 32 0 32 0 32 0 32 0 32 0 32 0 32 0 32 0 32 0 32 0 32 0 32 0 32 0 32 0 32 0 32 0 32 0 32 0 32 0 32 0 32 0 32 0 32 0 32 0 32 0 32 0 32 0 32 0 32 0 32 0 32 0 32 0 32 0 32 0 32 0 32 0 32 0 32 0 32 0 32 0 32 0 32 0 32 0 32 0 32 0 32 0 32 0 32 0 32 0 32 0 32 0 32 0 32 0 32 0 32 0 32 0 32 0 32 0 32 0 32 0 32 0 32 0 32 0 32 0 32 0 32 0 32 0 32 0 32 0 32 0 32 0 32 0 32 0 32 0 32 0 32 0 32 0 32 0 32 0 32 0 32 0 
32 0 32 0 32 0 32 0 32 0 32 0 32 0 32 0 32 0 32 0 32 0 32 0 32 0 32 0 32 0 32 0 32 0 32 0 32 0 32 0 32 0 32 0 32 0 32 0 32 0 32 0 32 0 32 0 32 0 32 0 32 0 32 0 32 0 32 0 32 0 32 0 32 0 32 0 32 0 32 0 32 0 32 0 32 0 32 0 32 0 32 0 32 0 32 0 32 0 32 0 32 0 32 0 32 0 32 0 32 0 32 0 32 0 32 0 32 0 32 0 32 0 32 0 32 0 32 0 32 0 32 0 32 0 32 0 32 0 32 0 32 0 32 0 32 0 32 0 32 0 32 0 32 0 32 0 32 0 32 0 32 0 32 0 32 0 32 0 32 0 32 0 32 0 32 0 32 0 32 0 32 0 32 0 32 0 32 0 32 0 32 0 32 0 32 0 32 0 32 0 32 0 32 0 32 0 32 0 32 0 32 0 32 0 32 0 32 0 32 0 32 0 32 0 32 0 32 0 32 0 32 0 32 0 32 0 32 0 32 0 32 0 32 0 32 0 32 0 32 0 32 0 32 0 32 0 32 0 32 0 32 0 32 0 32 0 32 0 32 0 32 0 32 0 32 0 32 0 32 0 32 0 32 0 32 0 32 0 32 0 32 0 32 0 32 0 32 0 32 0 32 0 32 0 32 0 32 0 32 0 32 0 32 0 32 0 32 0 32 0 32 0 32 0 32 0 32 0 32 0 32 0 32 0 32 0 32 0 32 0 32 0 32 0 32 0 32 0 32 0 32 0 32 0 32 0 32 0 32 0 32 0 32 0 32 0 32 0 32 0 32 0 32 0 32 0 32 0 32 0 32 0 32 0 32 0 32 0 32 0 32 0 32 0 32 0 32 0 32 0 32 0 32 0 32 0 
32 0 32 0 32 0 32 0 32 0 32 0 32 0 32 0 32 0 32 0 32 0 32 0 32 0 32 0 32 0 32 0 32 0 32 0 32 0 32 0 32 0 32 0 32 0 32 0 32 0 32 0 32 0 32 0 32 0 32 0 32 0 32 0 32 0 32 0 32 0 32 0 32 0 32 0 32 0 32 0 32 0 32 0 32 0 32 0 32 0 32 0 32 0 32 0 32 0 32 0 32 0 32 0 32 0 32 0 32 0 32 0 32 0 32 0 32 0 32 0 32 0 32 0 32 0 32 0 32 0 32 0 32 0 32 0 32 0 32 0 32 0 32 0 32 0 32 0 32 0 32 0 32 0 32 0 32 0 32 0 32 0 32 0 32 0 32 0 32 0 32 0 32 0 32 0 32 0 32 0 32 0 32 0 32 0 32 0 32 0 32 0 32 0 32 0 32 0 32 0 32 0 32 0 32 0 32 0 32 0 32 0 32 0 32 0 32 0 32 0 32 0 32 0 32 0 32 0 32 0 32 0 32 0 32 0 32 0 32 0 32 0 32 0 32 0 32 0 32 0 32 0 32 0 32 0 32 0 32 0 32 0 32 0 32 0 32 0 32 0 32 0 32 0 32 0 32 0 32 0 32 0 32 0 32 0 32 0 32 0 32 0 32 0 32 0 32 0 32 0 32 0 32 0 32 0 32 0 32 0 32 0 32 0 32 0 32 0 32 0 32 0 32 0 32 0 32 0 32 0 32 0 32 0 32 0 32 0 32 0 32 0 32 0 32 0 32 0 32 0 32 0 32 0 32 0 32 0 32 0 32 0 32 0 32 0 32 0 32 0 32 0 32 0 32 0 32 0 32 0 32 0 32 0 32 0 32 0 32 0 32 0 32 0 32 0 32 0 32 0 32 0 32 0 32 0 
32 0 32 0 32 0 32 0 32 0 32 0 32 0 32 0 32 0 32 0 32 0 32 0 32 0 32 0 32 0 32 0 32 0 32 0 32 0 32 0 32 0 32 0 32 0 32 0 32 0 32 0 32 0 32 0 32 0 32 0 32 0 32 0 32 0 32 0 32 0 32 0 32 0 32 0 32 0 32 0 32 0 32 0 32 0 32 0 32 0 32 0 32 0 32 0 32 0 32 0 32 0 32 0 32 0 32 0 32 0 32 0 32 0 32 0 32 0 32 0 32 0 32 0 32 0 32 0 32 0 32 0 32 0 32 0 32 0 32 0 32 0 32 0 32 0 32 0 32 0 32 0 32 0 32 0 32 0 32 0 32 0 32 0 32 0 32 0 32 0 32 0 32 0 32 0 32 0 32 0 32 0 32 0 32 0 32 0 32 0 32 0 32 0 32 0 32 0 32 0 32 0 32 0 32 0 32 0 32 0 32 0 32 0 32 0 32 0 32 0 32 0 32 0 32 0 32 0 32 0 32 0 32 0 32 0 32 0 32 0 32 0 32 0 32 0 32 0 32 0 32 0 32 0 32 0 32 0 32 0 32 0 32 0 32 0 32 0 32 0 32 0 32 0 32 0 32 0 32 0 32 0 32 0 32 0 32 0 32 0 32 0 32 0 32 0 32 0 32 0 32 0 32 0 32 0 32 0 32 0 32 0 32 0 32 0 32 0 32 0 32 0 32 0 32 0 32 0 32 0 32 0 32 0 32 0 32 0 32 0 32 0 32 0 32 0 32 0 32 0 32 0 32 0 32 0 32 0 32 0 32 0 32 0 32 0 32 0 32 0 32 0 32 0 32 0 32 0 32 0 32 0 32 0 32 0 32 0 32 0 32 0 32 0 32 0 32 0 32 0 32 0 32 0 32 0 
32 0 32 0 32 0 32 0 32 0 32 0 32 0 32 0 32 0 32 0 32 0 32 0 32 0 32 0 32 0 32 0 32 0 32 0 32 0 32 0 32 0 32 0 32 0 32 0 32 0 32 0 32 0 32 0 32 0 32 0 32 0 32 0 32 0 32 0 32 0 32 0 32 0 32 0 32 0 32 0 32 0 32 0 32 0 32 0 32 0 32 0 32 0 32 0 32 0 32 0 32 0 32 0 32 0 32 0 32 0 32 0 32 0 32 0 32 0 32 0 32 0 32 0 32 0 32 0 32 0 32 0 32 0 32 0 32 0 32 0 32 0 32 0 32 0 32 0 32 0 32 0 32 0 32 0 32 0 32 0 32 0 32 0 32 0 32 0 32 0 32 0 32 0 32 0 32 0 32 0 32 0 32 0 32 0 32 0 32 0 32 0 32 0 32 0 32 0 32 0 32 0 32 0 32 0 32 0 32 0 32 0 32 0 32 0 32 0 32 0 32 0 32 0 32 0 32 0 32 0 32 0 32 0 32 0 32 0 32 0 32 0 32 0 32 0 32 0 32 0 32 0 32 0 32 0 32 0 32 0 32 0 32 0 32 0 32 0 32 0 32 0 32 0 32 0 32 0 32 0 32 0 32 0 32 0 32 0 32 0 32 0 32 0 32 0 32 0 32 0 32 0 32 0 32 0 32 0 32 0 32 0 32 0 32 0 32 0 32 0 32 0 32 0 32 0 32 0 32 0 32 0 32 0 32 0 32 0 32 0 32 0 32 0 32 0 32 0 32 0 32 0 32 0 32 0 32 0 32 0 32 0 32 0 32 0 32 0 32 0 32 0 32 0 32 0 32 0 32 0 32 0 32 0 32 0 32 0 32 0 32 0 32 0 32 0 32 0 32 0 32 0 32 0 32 0 
32 0 32 0 32 0 32 0 32 0 32 0 32 0 32 0 32 0 32 0 32 0 32 0 32 0 32 0 32 0 32 0 32 0 32 0 32 0 32 0 32 0 32 0 32 0 32 0 32 0 32 0 32 0 32 0 32 0 32 0 32 0 32 0 32 0 32 0 32 0 32 0 32 0 32 0 32 0 32 0 32 0 32 0 32 0 32 0 32 0 32 0 32 0 32 0 32 0 32 0 32 0 32 0 32 0 32 0 32 0 32 0 32 0 32 0 32 0 32 0 32 0 32 0 32 0 32 0 32 0 32 0 32 0 32 0 32 0 32 0 32 0 32 0 32 0 32 0 32 0 32 0 32 0 32 0 32 0 32 0 32 0 32 0 32 0 32 0 32 0 32 0 32 0 32 0 32 0 32 0 32 0 32 0 32 0 32 0 32 0 32 0 32 0 32 0 32 0 32 0 32 0 32 0 32 0 32 0 32 0 32 0 32 0 32 0 32 0 32 0 32 0 32 0 32 0 32 0 32 0 32 0 32 0 32 0 32 0 32 0 32 0 32 0 32 0 32 0 32 0 32 0 32 0 32 0 32 0 32 0 32 0 32 0 32 0 32 0 32 0 32 0 32 0 32 0 32 0 32 0 32 0 32 0 32 0 32 0 32 0 32 0 32 0 32 0 32 0 32 0 32 0 32 0 32 0 32 0 32 0 32 0 32 0 32 0 32 0 32 0 32 0 32 0 32 0 32 0 32 0 32 0 32 0 32 0 32 0 32 0 32 0 32 0 32 0 32 0 32 0 32 0 32 0 32 0 32 0 32 0 32 0 32 0 32 0 32 0 32 0 32 0 32 0 32 0 32 0 32 0 32 0 32 0 32 0 32 0 32 0 32 0 32 0 32 0 32 0 32 0 32 0 32 0 32 0 
32 0 32 0 32 0 32 0 32 0 32 0 32 0 32 0 32 0 32 0 32 0 32 0 32 0 32 0 32 0 32 0 32 0 32 0 32 0 32 0 32 0 32 0 32 0 32 0 32 0 32 0 32 0 32 0 32 0 32 0 32 0 32 0 32 0 32 0 32 0 32 0 32 0 32 0 32 0 32 0 32 0 32 0 32 0 32 0 32 0 32 0 32 0 32 0 32 0 32 0 32 0 32 0 32 0 32 0 32 0 32 0 32 0 32 0 32 0 32 0 32 0 32 0 32 0 32 0 32 0 32 0 32 0 32 0 32 0 32 0 32 0 32 0 32 0 32 0 32 0 32 0 32 0 32 0 32 0 32 0 32 0 32 0 32 0 32 0 32 0 32 0 32 0 32 0 32 0 32 0 32 0 32 0 32 0 32 0 32 0 32 0 32 0 32 0 32 0 32 0 32 0 32 0 32 0 32 0 32 0 32 0 32 0 32 0 32 0 32 0 32 0 32 0 32 0 32 0 32 0 32 0 32 0 32 0 32 0 32 0 32 0 32 0 32 0 32 0 32 0 32 0 32 0 32 0 32 0 32 0 32 0 32 0 32 0 32 0 32 0 32 0 32 0 32 0 32 0 32 0 32 0 32 0 32 0 32 0 32 0 32 0 32 0 32 0 32 0 32 0 32 0 32 0 32 0 32 0 32 0 32 0 32 0 32 0 32 0 32 0 32 0 32 0 32 0 32 0 32 0 32 0 32 0 32 0 32 0 32 0 32 0 32 0 32 0 32 0 32 0 32 0 32 0 32 0 32 0 32 0 32 0 32 0 32 0 32 0 32 0 32 0 32 0 32 0 32 0 32 0 32 0 32 0 32 0 32 0 32 0 32 0 32 0 32 0 32 0 32 0 32 0 32 0 32 0 
32 0 32 0 32 0 32 0 32 0 32 0 32 0 32 0 32 0 32 0 32 0 32 0 32 0 32 0 32 0 32 0 32 0 32 0 32 0 32 0 32 0 32 0 32 0 32 0 32 0 32 0 32 0 32 0 32 0 32 0 32 0 32 0 32 0 32 0 32 0 32 0 32 0 32 0 32 0 32 0 32 0 32 0 32 0 32 0 32 0 32 0 32 0 32 0 32 0 32 0 32 0 32 0 32 0 32 0 32 0 32 0 32 0 32 0 32 0 32 0 32 0 32 0 32 0 32 0 32 0 32 0 32 0 32 0 32 0 32 0 32 0 32 0 32 0 32 0 32 0 32 0 32 0 32 0 32 0 32 0 32 0 32 0 32 0 32 0 32 0 32 0 32 0 32 0 32 0 32 0 32 0 32 0 32 0 32 0 32 0 32 0 32 0 32 0 32 0 32 0 32 0 32 0 32 0 32 0 32 0 32 0 32 0 32 0 32 0 32 0 32 0 32 0 32 0 32 0 32 0 32 0 32 0 32 0 32 0 32 0 32 0 32 0 32 0 32 0 32 0 32 0 32 0 32 0 32 0 32 0 32 0 32 0 32 0 32 0 32 0 32 0 32 0 32 0 32 0 32 0 32 0 32 0 32 0 32 0 32 0 32 0 32 0 32 0 32 0 32 0 32 0 32 0 32 0 32 0 32 0 32 0 32 0 32 0 32 0 32 0 32 0 32 0 32 0 32 0 32 0 32 0 32 0 32 0 32 0 32 0 32 0 32 0 32 0 32 0 32 0 32 0 32 0 32 0 32 0 32 0 32 0 32 0 32 0 32 0 32 0 32 0 32 0 32 0 32 0 32 0 32 0 32 0 32 0 32 0 32 0 32 0 32 0 32 0 32 0 32 0 32 0 32 0 32 0 
32 0 32 0 32 0 32 0 32 0 32 0 32 0 32 0 32 0 32 0 32 0 32 0 32 0 32 0 32 0 32 0 32 0 32 0 32 0 32 0 32 0 32 0 32 0 32 0 32 0 32 0 32 0 32 0 32 0 32 0 32 0 32 0 32 0 32 0 32 0 32 0 32 0 32 0 32 0 32 0 32 0 32 0 32 0 32 0 32 0 32 0 32 0 32 0 32 0 32 0 32 0 32 0 32 0 32 0 32 0 32 0 32 0 32 0 32 0 32 0 32 0 32 0 32 0 32 0 32 0 32 0 32 0 32 0 32 0 32 0 32 0 32 0 32 0 32 0 32 0 32 0 32 0 32 0 32 0 32 0 32 0 32 0 32 0 32 0 32 0 32 0 32 0 32 0 32 0 32 0 32 0 32 0 32 0 32 0 32 0 32 0 32 0 32 0 32 0 32 0 32 0 32 0 32 0 32 0 32 0 32 0 32 0 32 0 32 0 32 0 32 0 32 0 32 0 32 0 32 0 32 0 32 0 32 0 32 0 32 0 32 0 32 0 32 0 32 0 32 0 32 0 32 0 32 0 32 0 32 0 32 0 32 0 32 0 32 0 32 0 32 0 32 0 32 0 32 0 32 0 32 0 32 0 32 0 32 0 32 0 32 0 32 0 32 0 32 0 32 0 32 0 32 0 32 0 32 0 32 0 32 0 32 0 32 0 32 0 32 0 32 0 32 0 32 0 32 0 32 0 32 0 32 0 32 0 32 0 32 0 32 0 32 0 32 0 32 0 32 0 32 0 32 0 32 0 32 0 32 0 32 0 32 0 32 0 32 0 32 0 32 0 32 0 32 0 32 0 32 0 32 0 32 0 32 0 32 0 32 0 32 0 32 0 32 0 32 0 32 0 32 0 32 0 32 0 
32 0 32 0 32 0 32 0 32 0 32 0 32 0 32 0 32 0 32 0 32 0 32 0 32 0 32 0 32 0 32 0 32 0 32 0 32 0 32 0 32 0 32 0 32 0 32 0 32 0 32 0 32 0 32 0 32 0 32 0 32 0 32 0 32 0 32 0 32 0 32 0 32 0 32 0 32 0 32 0 32 0 32 0 32 0 32 0 32 0 32 0 32 0 32 0 32 0 32 0 32 0 32 0 32 0 32 0 32 0 32 0 32 0 32 0 32 0 32 0 32 0 32 0 32 0 32 0 32 0 32 0 32 0 32 0 32 0 32 0 32 0 32 0 32 0 32 0 32 0 32 0 32 0 32 0 32 0 32 0 32 0 32 0 32 0 32 0 32 0 32 0 32 0 32 0 32 0 32 0 32 0 32 0 32 0 32 0 32 0 32 0 32 0 32 0 32 0 32 0 32 0 32 0 32 0 32 0 32 0 32 0 32 0 32 0 32 0 32 0 32 0 32 0 32 0 32 0 32 0 32 0 32 0 32 0 32 0 32 0 32 0 32 0 32 0 32 0 32 0 32 0 32 0 32 0 32 0 32 0 32 0 32 0 32 0 32 0 32 0 32 0 32 0 32 0 32 0 32 0 32 0 32 0 32 0 32 0 32 0 32 0 32 0 32 0 32 0 32 0 32 0 32 0 32 0 32 0 32 0 32 0 32 0 32 0 32 0 32 0 32 0 32 0 32 0 32 0 32 0 32 0 32 0 32 0 32 0 32 0 32 0 32 0 32 0 32 0 32 0 32 0 32 0 32 0 32 0 32 0 32 0 32 0 32 0 32 0 32 0 32 0 32 0 32 0 32 0 32 0 32 0 32 0 32 0 32 0 32 0 32 0 32 0 32 0 32 0 32 0 32 0 32 0 32 0 
32 0 32 0 32 0 32 0 32 0 32 0 32 0 32 0 32 0 32 0 32 0 32 0 32 0 32 0 32 0 32 0 32 0 32 0 32 0 32 0 32 0 32 0 32 0 32 0 32 0 32 0 32 0 32 0 32 0 32 0 32 0 32 0 32 0 32 0 32 0 32 0 32 0 32 0 32 0 32 0 32 0 32 0 32 0 32 0 32 0 32 0 32 0 32 0 32 0 32 0 32 0 32 0 32 0 32 0 32 0 32 0 32 0 32 0 32 0 32 0 32 0 32 0 32 0 32 0 32 0 32 0 32 0 32 0 32 0 32 0 32 0 32 0 32 0 32 0 32 0 32 0 32 0 32 0 32 0 32 0 32 0 32 0 32 0 32 0 32 0 32 0 32 0 32 0 32 0 32 0 32 0 32 0 32 0 32 0 32 0 32 0 32 0 32 0 32 0 32 0 32 0 32 0 32 0 32 0 32 0 32 0 32 0 32 0 32 0 32 0 32 0 32 0 32 0 32 0 32 0 32 0 32 0 32 0 32 0 32 0 32 0 32 0 32 0 32 0 32 0 32 0 32 0 32 0 32 0 32 0 32 0 32 0 32 0 32 0 32 0 32 0 32 0 32 0 32 0 32 0 32 0 32 0 32 0 32 0 32 0 32 0 32 0 32 0 32 0 32 0 32 0 32 0 32 0 32 0 32 0 32 0 32 0 32 0 32 0 32 0 32 0 32 0 32 0 32 0 32 0 32 0 32 0 32 0 32 0 32 0 32 0 32 0 32 0 32 0 32 0 32 0 32 0 32 0 32 0 32 0 32 0 32 0 32 0 32 0 32 0 32 0 32 0 32 0 32 0 32 0 32 0 32 0 32 0 32 0 32 0 32 0 32 0 32 0 32 0 32 0 32 0 32 0 32 0 
32 0 32 0 32 0 32 0 32 0 32 0 32 0 32 0 32 0 32 0 32 0 32 0 32 0 32 0 32 0 32 0 32 0 32 0 32 0 32 0 32 0 32 0 32 0 32 0 32 0 32 0 32 0 32 0 32 0 32 0 32 0 32 0 32 0 32 0 32 0 32 0 32 0 32 0 32 0 32 0 32 0 32 0 32 0 32 0 32 0 32 0 32 0 32 0 32 0 32 0 32 0 32 0 32 0 32 0 32 0 32 0 32 0 32 0 32 0 32 0 32 0 32 0 32 0 32 0 32 0 32 0 32 0 32 0 32 0 32 0 32 0 32 0 32 0 32 0 32 0 32 0 32 0 32 0 32 0 32 0 32 0 32 0 32 0 32 0 32 0 32 0 32 0 32 0 32 0 32 0 32 0 32 0 32 0 32 0 32 0 32 0 32 0 32 0 32 0 32 0 32 0 32 0 32 0 32 0 32 0 32 0 32 0 32 0 32 0 32 0 32 0 32 0 32 0 32 0 32 0 32 0 32 0 32 0 32 0 32 0 32 0 32 0 32 0 32 0 32 0 32 0 32 0 32 0 32 0 32 0 32 0 32 0 32 0 32 0 32 0 32 0 32 0 32 0 32 0 32 0 32 0 32 0 32 0 32 0 32 0 32 0 32 0 32 0 32 0 32 0 32 0 32 0 32 0 32 0 32 0 32 0 32 0 32 0 32 0 32 0 32 0 32 0 32 0 32 0 32 0 32 0 32 0 32 0 32 0 32 0 32 0 32 0 32 0 32 0 32 0 32 0 32 0 32 0 32 0 32 0 32 0 32 0 32 0 32 0 32 0 32 0 32 0 32 0 32 0 32 0 32 0 32 0 32 0 32 0 32 0 32 0 32 0 32 0 32 0 32 0 32 0 32 0 32 0 
32 0 32 0 32 0 32 0 32 0 32 0 32 0 32 0 32 0 32 0 32 0 32 0 32 0 32 0 32 0 32 0 32 0 32 0 32 0 32 0 32 0 32 0 32 0 32 0 32 0 32 0 32 0 32 0 32 0 32 0 32 0 32 0 32 0 32 0 32 0 32 0 32 0 32 0 32 0 32 0 32 0 32 0 32 0 32 0 32 0 32 0 32 0 32 0 32 0 32 0 32 0 32 0 32 0 32 0 32 0 32 0 32 0 32 0 32 0 32 0 32 0 32 0 32 0 32 0 32 0 32 0 32 0 32 0 32 0 32 0 32 0 32 0 32 0 32 0 32 0 32 0 32 0 32 0 32 0 32 0 32 0 32 0 32 0 32 0 32 0 32 0 32 0 32 0 32 0 32 0 32 0 32 0 32 0 32 0 32 0 32 0 32 0 32 0 32 0 32 0 32 0 32 0 32 0 32 0 32 0 32 0 32 0 32 0 32 0 32 0 32 0 32 0 32 0 32 0 32 0 32 0 32 0 32 0 32 0 32 0 32 0 32 0 32 0 32 0 32 0 32 0 32 0 32 0 32 0 32 0 32 0 32 0 32 0 32 0 32 0 32 0 32 0 32 0 32 0 32 0 32 0 32 0 32 0 32 0 32 0 32 0 32 0 32 0 32 0 32 0 32 0 32 0 32 0 32 0 32 0 32 0 32 0 32 0 32 0 32 0 32 0 32 0 32 0 32 0 32 0 32 0 32 0 32 0 32 0 32 0 32 0 32 0 32 0 32 0 32 0 32 0 32 0 32 0 32 0 32 0 32 0 32 0 32 0 32 0 32 0 32 0 32 0 32 0 32 0 32 0 32 0 32 0 32 0 32 0 32 0 32 0 32 0 32 0 32 0 32 0 32 0 32 0 32 0 
32 0 32 0 32 0 32 0 32 0 32 0 32 0 32 0 32 0 32 0 32 0 32 0 32 0 32 0 32 0 32 0 32 0 32 0 32 0 32 0 32 0 32 0 32 0 32 0 32 0 32 0 32 0 32 0 32 0 32 0 32 0 32 0 32 0 32 0 32 0 32 0 32 0 32 0 32 0 32 0 32 0 32 0 32 0 32 0 32 0 32 0 32 0 32 0 32 0 32 0 32 0 32 0 32 0 32 0 32 0 32 0 32 0 32 0 32 0 32 0 32 0 32 0 32 0 32 0 32 0 32 0 32 0 32 0 32 0 32 0 32 0 32 0 32 0 32 0 32 0 32 0 32 0 32 0 32 0 32 0 32 0 32 0 32 0 32 0 32 0 32 0 32 0 32 0 32 0 32 0 32 0 32 0 32 0 32 0 32 0 32 0 32 0 32 0 32 0 32 0 32 0 32 0 32 0 32 0 32 0 32 0 32 0 32 0 32 0 32 0 32 0 32 0 32 0 32 0 32 0 32 0 32 0 32 0 32 0 32 0 32 0 32 0 32 0 32 0 32 0 32 0 32 0 32 0 32 0 32 0 32 0 32 0 32 0 32 0 32 0 32 0 32 0 32 0 32 0 32 0 32 0 32 0 32 0 32 0 32 0 32 0 32 0 32 0 32 0 32 0 32 0 32 0 32 0 32 0 32 0 32 0 32 0 32 0 32 0 32 0 32 0 32 0 32 0 32 0 32 0 32 0 32 0 32 0 32 0 32 0 32 0 32 0 32 0 32 0 32 0 32 0 32 0 32 0 32 0 32 0 32 0 32 0 32 0 32 0 32 0 32 0 32 0 32 0 32 0 32 0 32 0 32 0 32 0 32 0 32 0 32 0 32 0 32 0 32 0 32 0 32 0 32 0 32 0 
32 0 32 0 32 0 32 0 32 0 32 0 32 0 32 0 32 0 32 0 32 0 32 0 32 0 32 0 32 0 32 0 32 0 32 0 32 0 32 0 32 0 32 0 32 0 32 0 32 0 32 0 32 0 32 0 32 0 32 0 32 0 32 0 32 0 32 0 32 0 32 0 32 0 32 0 32 0 32 0 32 0 32 0 32 0 32 0 32 0 32 0 32 0 32 0 32 0 32 0 32 0 32 0 32 0 32 0 32 0 32 0 32 0 32 0 32 0 32 0 32 0 32 0 32 0 32 0 32 0 32 0 32 0 32 0 32 0 32 0 32 0 32 0 32 0 32 0 32 0 32 0 32 0 32 0 32 0 32 0 32 0 32 0 32 0 32 0 32 0 32 0 32 0 32 0 32 0 32 0 32 0 32 0 32 0 32 0 32 0 32 0 32 0 32 0 32 0 32 0 32 0 32 0 32 0 32 0 32 0 32 0 32 0 32 0 32 0 32 0 32 0 32 0 32 0 32 0 32 0 32 0 32 0 32 0 32 0 32 0 32 0 32 0 32 0 32 0 32 0 32 0 32 0 32 0 32 0 32 0 32 0 32 0 32 0 32 0 32 0 32 0 32 0 32 0 32 0 32 0 32 0 32 0 32 0 32 0 32 0 32 0 32 0 32 0 32 0 32 0 32 0 32 0 32 0 32 0 32 0 32 0 32 0 32 0 32 0 32 0 32 0 32 0 32 0 32 0 32 0 32 0 32 0 32 0 32 0 32 0 32 0 32 0 32 0 32 0 32 0 32 0 32 0 32 0 32 0 32 0 32 0 32 0 32 0 32 0 32 0 32 0 32 0 32 0 32 0 32 0 32 0 32 0 32 0 32 0 32 0 32 0 32 0 32 0 32 0 32 0 32 0 32 0 32 0 
7 0 0 -1094795586 0 0
12 8 12 10 3 1 0 2 0 0 2 1 1 2 1 1 0 0 n 0 0 0 0 0 0 0 0 0 0 0 0 0 0
n 21 14 0 0 1
n 18 19 0 0 1
n 19 19 0 0 1
14 16
16 11
n 18 18 10 1
n 14 9 20 1
n 17 15 1
n 15 12 2 0
d 19 14 12 5 Dagger 1
w 19 15 15 10 MagicWand 1
h 16 16 Healing 1
18 14 15 1
94 16 10 15 4 0 1 2 0 0 1 2 1 3 2 1 0 0 m 0 0 108 17 0 0 0 0 0 0 0 0 0 0
n 94 20 0 0 1
n 94 21 0 0 1
n 107 25 0 0 1
n 108 25 0 0 1
101 19
101 23
n 96 20 20 0
97 21 10 0
104 18 25 0
s 99 20 0
s 103 23 0
n 101 21 4 0
d 105 20 12 5 Dagger 0
w 101 20 15 10 MagicWand 0
s 103 19 10 1 Sword 0
p 105 23 Power 0
h 102 22 Healing 0
107 22 5 0
54 11 13 16 10 0 2 3 0 2 3 4 3 5 1 2 0 0 m 0 0 54 20 0 0 0 0 0 0 66 12 0 0
n 54 11 0 0 1
n 55 11 0 0 1
l 69 13 9604 0 0
n 54 16 0 0 1
n 69 18 0 0 1
n 69 19 0 0 1
n 54 23 0 0 1
n 55 23 0 0 1
n 58 23 0 0 1
n 59 23 0 0 1
62 14
63 21
66 18
n 68 17 10 0
n 61 22 15 0
n 64 14 5 0
s 56 22 0
r 59 17 0
p 64 12 0
n 55 13 0
n 66 16 3 0
n 67 13 5 0
n 63 13 3 0
a 67 16 5 5 NormalArrow 0
d 57 21 12 5 Dagger 0
s 60 18 10 1 Sword 0
d 65 14 12 5 Dagger 0
d 60 14 12 5 Dagger 0
s 60 15 Speed 0
60 22 15 0
61 16 15 0
28 9 14 10 7 1 3 1 0 0 2 1 1 1 2 1 1 1 n 0 0 37 13 0 0 0 0 0 0 0 0 0 0
n 36 9 0 0 1
n 37 9 0 0 1
n 28 13 0 0 1
n 28 14 0 0 1
n 37 15 0 0 1
n 28 22 0 0 1
n 29 22 0 0 1
33 16
n 33 19 15 0
n 31 15 20 0
30 18 20 0
35 12 25 0
r 29 17 0
n 34 16 5 0
d 34 11 12 5 Dagger 0
p 33 12 Power 0
s 34 17 Speed 0
36 10 5 0
d 30 11 5 6 10 Deamon 1 1 0
76 15 11 12 9 0 4 2 1 0 2 2 1 2 2 1 1 1 n 0 0 76 17 0 0 0 0 80 17 0 0 0 0
n 76 15 0 0 1
n 77 15 0 0 1
n 86 15 0 0 1
n 87 15 0 0 1
n 87 16 0 0 1
n 76 18 0 0 1
n 87 20 0 0 1
n 76 25 0 0 1
n 77 25 0 0 1
78 18
79 17
n 79 23 10 0
n 86 24 10 0
85 21 25 0
s 83 23 0
p 77 19 0
n 83 19 2 0
a 82 17 5 5 NormalArrow 0
w 83 20 15 10 MagicWand 0
h 79 19 Healing 0
s 79 18 Speed 0
79 22 10 0
f 78 21 10 6 10 FireBreathingMonster 1 1 0
136 17 9 11 2 0 5 1 0 0 1 1 1 1 1 1 1 1 n 0 0 0 0 0 0 0 0 0 0 0 0 0 0
n 136 18 0 0 1
n 136 19 0 0 1
139 21
n 139 23 15 0
137 24 20 0
r 138 18 0
n 144 22 4 0
s 143 19 10 1 Sword 0
s 140 23 Speed 0
143 21 10 0
u 143 20 20 6 30 Undead 1 1 0
119 17 12 14 5 0 6 1 0 0 3 5 3 1 4 2 0 0 p 1 0 0 0 127 21 0 1 0 0 122 27 0 0
l 129 17 4490 0 0
n 132 19 0 0 1
n 132 21 0 0 1
n 119 22 0 0 1
n 132 22 0 0 1
127 24
n 126 26 10 0
n 121 26 20 0
n 121 18 5 0
128 23 20 0
123 23 25 0
p 129 18 0
n 129 20 0
s 121 19 0
s 128 27 0
n 127 25 0
n 124 22 2 0
n 127 19 5 0
b 123 19 55 0
d 122 24 12 5 Dagger 0
h 121 22 Healing 0
p 123 25 Power 0
s 130 26 Speed 0
s 126 22 Speed 0
125 18 10 0
125 27 10 0
